$ANSIBLE_VAULT;1.1;AES256
36366436336333353761666165373962653037643735653863326136373266633365633137396261
3164633562626437303838393132383063346139663661310a366363393232333833333539646361
63616461373537653865313031336134393131653530336630353538313533313337336637333362
3434323461333462650a326638353935646538653739663039613031633230313363323338396265
65613534363462313437313831616663373934366230303339376536613934636130333733626364
37613361643162343232623761313339643832646237643337653732353931643139626533646638
35653833313737366166366538336635303130363664666636653263373861623764366262613437
64666536393334373264343131356462353934343361346666376431613530663664656538626237
31353963636435626362633032313339373430343162623762646630633838656538333333663632
63343837636436333866393766313538373035303165653563376563353233363565343436643666
61313136626636366234633135353438613838623534623363393036373164613930363437396366
36306162393562623533353738386133303331366430346166313166313363336166666531393964
35356562343931646633366239356130376137343534633565356330306164616161656235666130
63313832383930386662323334313338623732656132656665396666666165373138306435623038
31346436366234396136303836613066343364623165366363626334643633613062363563653564
32366231613137376164316634346362646364343639666537366262313735323066663961376338
36353233643263336239386166313265356633383663613037633837613765643861393864393333
62366136396430323836653432633462306664373866373666393534613561366131303535306630
62636431303433323665363534396333346534336637356533653430356564643633326434346465
30656337396430393565303938363932343138396238663635653431616430316563366463383132
31363365316635633535643031316632336132386432623731343335393135663233643735666231
33633864396465306262306165643565323064333335396463633933346139373634396133633333
38656537663137336532313533353065333233393065383935336664636234306334306466343062
33306362643966373939623132356138313063663230396631316139366138656535366237613066
64336466666634373862383033656464316364323537323233613838383965636239373964626265
34663062643331623135316339343730353738333834646630383734646266336339643230633162
31346165333337626232613366343665333337326639353039653332616534323439353164656339
66316166383337643832
